student_id,Gender,Curricular units 1st sem (enrolled),Curricular units 1st sem (approved),Curricular units 1st sem (grade),Curricular units 2nd sem (enrolled),Curricular units 2nd sem (approved),Curricular units 2nd sem (grade),Debtor,Tuition fees up to date,total_enrolled,total_approved,total_failed,average_grade,unpassed_courses,Target
179,0,6,5,6.2,6,5,5.2,0,1,12,10,2,5.7,2,Dropout
990,1,6,5,6.25,6,2,6.75,1,0,12,7,5,6.5,5,Dropout
2274,1,6,0,0.0,6,0,0.0,0,1,12,0,12,0.0,12,Dropout
3254,0,6,3,6.166666665,6,1,6.5,1,1,12,4,8,6.333333333,8,Dropout
1295,1,6,0,0.0,6,0,0.0,1,0,12,0,12,0.0,12,Dropout
3667,1,10,8,7.3125,7,5,6.7,0,1,17,13,4,7.00625,4,Dropout
1868,1,5,0,0.0,5,0,0.0,1,0,10,0,10,0.0,10,Dropout
1792,1,5,0,0.0,5,0,0.0,0,1,10,0,10,0.0,10,Dropout
1945,0,6,6,6.92857143,6,6,6.57142857,0,1,12,12,0,6.75,0,Dropout
4304,1,6,5,5.8,6,6,6.0,0,1,12,11,1,5.9,1,Dropout
3113,0,6,6,5.833333335,6,6,6.166666665,0,1,12,12,0,6.0,0,Dropout
2851,0,6,0,0.0,6,0,0.0,0,0,12,0,12,0.0,12,Dropout
2317,1,5,2,6.666666665,5,2,8.0,1,0,10,4,6,7.333333333,6,Dropout
1720,1,5,0,0.0,5,0,0.0,0,1,10,0,10,0.0,10,Dropout
3846,1,5,0,0.0,5,0,0.0,1,0,10,0,10,0.0,10,Dropout
3614,1,5,3,6.0,6,2,5.25,0,1,11,5,6,5.625,6,Dropout
2116,0,6,0,0.0,6,0,0.0,0,1,12,0,12,0.0,12,Dropout
3048,0,6,6,6.583333335,6,5,7.1,0,1,12,11,1,6.841666668,1,Dropout
1527,1,6,6,6.25,6,4,6.3,1,0,12,10,2,6.275,2,Dropout
2919,0,15,14,5.464285715,14,12,5.916666665,0,1,29,26,3,5.69047619,3,Dropout
1690,1,0,0,0.0,0,0,0.0,0,1,0,0,0,0.0,0,Dropout
1318,0,6,3,6.0,6,3,5.333333335,0,0,12,6,6,5.666666667,6,Dropout
1688,1,7,3,6.333333335,5,0,0.0,1,0,12,3,9,3.166666668,9,Dropout
1273,0,5,2,5.0,5,4,6.0,0,1,10,6,4,5.5,4,Dropout
2037,1,5,2,5.0,5,1,5.0,0,1,10,3,7,5.0,7,Dropout
223,0,6,4,5.625,6,2,6.25,0,1,12,6,6,5.9375,6,Dropout
1898,0,6,5,6.1,6,4,5.75,1,0,12,9,3,5.925,3,Dropout
2650,1,8,5,6.001,8,5,6.001,0,1,16,10,6,6.001,6,Dropout
3220,0,1,0,0.0,5,0,0.0,0,1,6,0,6,0.0,6,Dropout
4002,1,5,0,0.0,5,0,0.0,0,1,10,0,10,0.0,10,Dropout
4261,0,6,0,0.0,6,0,0.0,1,0,12,0,12,0.0,12,Dropout
2758,1,6,0,0.0,6,0,0.0,0,1,12,0,12,0.0,12,Dropout
1882,1,6,4,6.0,6,3,5.166666665,0,1,12,7,5,5.583333333,5,Dropout
3513,1,0,0,0.0,0,0,0.0,0,1,0,0,0,0.0,0,Dropout
2800,1,7,5,6.0,7,3,5.5,0,0,14,8,6,5.75,6,Dropout
175,0,6,4,5.875,6,6,6.583333335,1,0,12,10,2,6.229166667,2,Dropout
4422,0,7,7,7.45625,8,1,6.75,0,1,15,8,7,7.103125,7,Dropout
2136,0,6,0,0.0,6,0,0.0,1,1,12,0,12,0.0,12,Dropout
4378,0,15,14,5.535714285,14,12,5.666666665,0,1,29,26,3,5.601190475,3,Dropout
1078,0,6,4,6.25,6,1,7.0,0,1,12,5,7,6.625,7,Dropout
101,0,10,8,6.4375,9,5,6.7,0,1,19,13,6,6.56875,6,Dropout
3347,1,7,0,0.0,7,0,0.0,0,1,14,0,14,0.0,14,Dropout
1951,0,6,0,0.0,6,0,0.0,0,1,12,0,12,0.0,12,Dropout
1655,0,6,6,6.75,6,0,0.0,0,1,12,6,6,3.375,6,Dropout
3944,0,5,0,0.0,5,0,0.0,1,0,10,0,10,0.0,10,Dropout
2086,0,4,0,0.0,4,0,0.0,0,0,8,0,8,0.0,8,Dropout
3840,1,0,0,0.0,0,0,0.0,0,0,0,0,0,0.0,0,Dropout
2389,1,5,4,5.4,5,2,6.25,0,1,10,6,4,5.825,4,Dropout
867,1,3,0,0.0,5,0,0.0,0,1,8,0,8,0.0,8,Dropout
1053,0,7,7,7.425,8,8,7.6,0,1,15,15,0,7.5125,0,Dropout
256,0,7,1,8.0,7,0,0.0,1,0,14,1,13,4.0,13,Dropout
457,0,6,0,0.0,6,0,0.0,0,1,12,0,12,0.0,12,Dropout
235,0,5,3,6.0,5,1,7.5,0,1,10,4,6,6.75,6,Dropout
747,1,6,3,5.666666665,6,2,5.5,1,0,12,5,7,5.583333333,7,Dropout
4256,0,16,13,6.923076925,11,9,6.27777778,0,1,27,22,5,6.600427353,5,Dropout
262,0,6,0,0.0,6,0,0.0,0,1,12,0,12,0.0,12,Dropout
789,0,5,5,7.2,5,5,7.0,1,1,10,10,0,7.1,0,Dropout
3263,0,6,0,0.0,5,0,0.0,1,0,11,0,11,0.0,11,Dropout
2875,0,5,0,0.0,5,0,0.0,0,1,10,0,10,0.0,10,Dropout
846,0,0,0,0.0,0,0,0.0,1,0,0,0,0,0.0,0,Dropout
3665,0,7,6,6.865833335,8,7,6.885714285,0,1,15,13,2,6.87577381,2,Dropout
2421,1,6,0,0.0,6,0,0.0,0,1,12,0,12,0.0,12,Dropout
155,0,6,3,6.333333335,6,3,5.0,0,1,12,6,6,5.666666667,6,Dropout
3225,0,5,1,6.5,5,4,6.125,0,1,10,5,5,6.3125,5,Dropout
377,0,5,0,0.0,5,0,0.0,0,0,10,0,10,0.0,10,Dropout
3723,1,6,0,0.0,6,0,0.0,0,1,12,0,12,0.0,12,Dropout
1358,1,5,0,0.0,5,0,0.0,1,0,10,0,10,0.0,10,Dropout
3054,0,5,5,6.3,5,3,6.5,0,1,10,8,2,6.4,2,Dropout
2661,1,5,4,5.375,5,4,5.666666665,0,1,10,8,2,5.520833333,2,Dropout
3328,1,6,0,0.0,6,1,5.0,0,1,12,1,11,2.5,11,Dropout
4305,1,5,4,6.875,5,0,0.0,0,1,10,4,6,3.4375,6,Dropout
861,1,5,5,6.3,5,3,6.625,0,1,10,8,2,6.4625,2,Dropout
2376,1,6,4,6.625,6,5,5.5,0,0,12,9,3,6.0625,3,Dropout
3776,0,5,4,6.25,5,2,6.25,1,1,10,6,4,6.25,4,Dropout
4302,1,0,0,0.0,0,0,0.0,0,0,0,0,0,0.0,0,Dropout
725,1,5,0,0.0,5,0,0.0,0,0,10,0,10,0.0,10,Dropout
3325,1,0,0,0.0,0,0,0.0,0,1,0,0,0,0.0,0,Dropout
3601,1,0,0,0.0,0,0,0.0,1,0,0,0,0,0.0,0,Dropout
1298,1,7,4,6.3,7,5,6.19,0,1,14,9,5,6.245,5,Dropout
1630,1,5,0,0.0,5,0,0.0,1,1,10,0,10,0.0,10,Dropout
3616,1,6,3,6.333333335,6,4,5.57142857,1,1,12,7,5,5.952380953,5,Dropout
2550,1,6,2,5.0,6,0,0.0,1,1,12,2,10,2.5,10,Dropout
3189,1,5,1,5.0,5,0,0.0,0,1,10,1,9,2.5,9,Dropout
954,0,7,0,0.0,8,0,0.0,0,1,15,0,15,0.0,15,Dropout
1474,1,6,0,0.0,6,0,0.0,0,1,12,0,12,0.0,12,Dropout
1354,0,6,0,0.0,6,0,0.0,0,1,12,0,12,0.0,12,Dropout
148,0,6,5,5.6,6,3,5.833333335,0,1,12,8,4,5.716666668,4,Dropout
3713,1,5,3,5.375,5,3,5.166666665,0,1,10,6,4,5.270833333,4,Dropout
859,1,5,0,0.0,5,0,0.0,0,1,10,0,10,0.0,10,Dropout
487,0,6,6,5.75,6,4,5.285714285,0,1,12,10,2,5.517857143,2,Dropout
3070,1,6,0,0.0,6,0,0.0,0,1,12,0,12,0.0,12,Dropout
862,1,5,0,0.0,5,0,0.0,1,0,10,0,10,0.0,10,Dropout
3774,0,6,0,0.0,6,0,0.0,1,0,12,0,12,0.0,12,Dropout
2129,0,0,0,0.0,0,0,0.0,0,1,0,0,0,0.0,0,Dropout
3370,0,6,4,5.5,6,3,5.666666665,1,1,12,7,5,5.583333333,5,Dropout
3270,0,8,7,6.642857145,7,5,5.8,0,1,15,12,3,6.221428573,3,Dropout
694,1,7,3,5.625,7,0,0.0,1,0,14,3,11,2.8125,11,Dropout
4269,1,5,4,5.5,5,4,6.125,0,1,10,8,2,5.8125,2,Dropout
1992,0,0,0,0.0,0,0,0.0,0,1,0,0,0,0.0,0,Dropout
944,0,6,0,0.0,6,0,0.0,0,1,12,0,12,0.0,12,Dropout
219,0,6,1,5.0,6,0,0.0,0,1,12,1,11,2.5,11,Dropout
4376,0,5,0,0.0,5,0,0.0,0,1,10,0,10,0.0,10,Dropout
2087,0,6,0,0.0,6,0,0.0,0,1,12,0,12,0.0,12,Dropout
3493,1,5,0,0.0,5,1,5.0,0,1,10,1,9,2.5,9,Dropout
3905,0,7,0,0.0,8,0,0.0,0,0,15,0,15,0.0,15,Dropout
3430,0,5,0,0.0,5,0,0.0,0,1,10,0,10,0.0,10,Dropout
711,1,5,0,0.0,5,0,0.0,0,1,10,0,10,0.0,10,Dropout
3809,0,18,17,6.588235295,18,16,6.5,0,1,36,33,3,6.544117648,3,Dropout
4251,0,8,5,5.916,8,5,5.916,0,0,16,10,6,5.916,6,Dropout
740,1,7,6,6.916666665,6,5,6.5,0,1,13,11,2,6.708333333,2,Dropout
3695,1,0,0,0.0,0,0,0.0,0,1,0,0,0,0.0,0,Dropout
3319,1,9,4,5.0,6,1,5.0,1,0,15,5,10,5.0,10,Dropout
107,0,6,0,0.0,6,0,0.0,0,1,12,0,12,0.0,12,Dropout
2013,0,6,5,6.6,6,5,5.3,1,1,12,10,2,5.95,2,Dropout
1286,1,7,6,6.833333335,7,6,6.25,0,1,14,12,2,6.541666667,2,Dropout
2755,1,10,10,6.8,10,5,6.8,0,1,20,15,5,6.8,5,Dropout
3537,1,5,0,0.0,5,0,0.0,0,1,10,0,10,0.0,10,Dropout
3961,0,6,0,0.0,6,0,0.0,0,0,12,0,12,0.0,12,Dropout
4309,1,0,0,0.0,0,0,0.0,0,1,0,0,0,0.0,0,Dropout
3522,1,17,13,5.82142857,17,12,5.625,0,1,34,25,9,5.723214285,9,Dropout
1479,1,6,2,7.25,6,0,0.0,1,0,12,2,10,3.625,10,Dropout
4373,1,6,0,0.0,6,0,0.0,0,1,12,0,12,0.0,12,Dropout
3243,0,6,3,5.125,6,1,6.0,0,1,12,4,8,5.5625,8,Dropout
1456,1,5,0,0.0,5,0,0.0,0,1,10,0,10,0.0,10,Dropout
2184,0,14,12,6.076923075,12,10,6.45,0,1,26,22,4,6.263461538,4,Dropout
4412,1,6,6,6.25,6,3,6.666666665,0,1,12,9,3,6.458333333,3,Dropout
4076,0,6,0,0.0,6,0,0.0,0,1,12,0,12,0.0,12,Dropout
606,0,0,0,0.0,0,0,0.0,0,0,0,0,0,0.0,0,Dropout
917,0,5,0,0.0,5,0,0.0,0,1,10,0,10,0.0,10,Dropout
2218,1,5,5,5.8,5,3,5.5,0,1,10,8,2,5.65,2,Dropout
1210,0,6,4,6.125,6,4,5.25,1,0,12,8,4,5.6875,4,Dropout
1246,0,7,1,5.0,7,1,6.5,0,1,14,2,12,5.75,12,Dropout
3478,0,10,6,5.75,10,5,6.2,0,1,20,11,9,5.975,9,Dropout
3301,0,0,0,0.0,0,0,0.0,0,1,0,0,0,0.0,0,Dropout
2975,0,0,0,0.0,0,0,0.0,0,1,0,0,0,0.0,0,Dropout
2349,1,6,0,0.0,6,0,0.0,0,1,12,0,12,0.0,12,Dropout
3176,1,7,0,0.0,7,0,0.0,1,1,14,0,14,0.0,14,Dropout
877,1,6,4,5.75,6,5,5.5,0,1,12,9,3,5.625,3,Dropout
2438,1,5,3,6.166666665,6,3,6.25,0,1,11,6,5,6.208333333,5,Dropout
214,0,5,0,0.0,5,0,0.0,0,1,10,0,10,0.0,10,Dropout
841,0,5,0,0.0,5,0,0.0,1,0,10,0,10,0.0,10,Dropout
3952,0,5,0,0.0,5,0,0.0,0,1,10,0,10,0.0,10,Dropout
1695,1,5,0,0.0,5,0,0.0,0,1,10,0,10,0.0,10,Dropout
3348,1,5,0,0.0,5,0,0.0,0,1,10,0,10,0.0,10,Dropout
3271,0,6,4,5.75,6,2,5.25,0,1,12,6,6,5.5,6,Dropout
625,0,6,6,6.666666665,6,3,6.333333335,0,1,12,9,3,6.5,3,Dropout
1262,1,5,0,0.0,6,2,7.0,1,1,11,2,9,3.5,9,Dropout
103,0,6,0,0.0,6,0,0.0,0,1,12,0,12,0.0,12,Dropout
896,0,5,3,5.666666665,5,1,6.5,0,0,10,4,6,6.083333333,6,Dropout
3624,0,6,4,5.5,6,0,0.0,0,1,12,4,8,2.75,8,Dropout
3534,1,6,0,0.0,6,0,0.0,1,0,12,0,12,0.0,12,Dropout
1197,0,3,2,5.0,6,0,0.0,0,0,9,2,7,2.5,7,Dropout
1097,0,6,0,0.0,6,0,0.0,1,0,12,0,12,0.0,12,Dropout
913,0,5,5,5.3,5,2,5.5,0,0,10,7,3,5.4,3,Dropout
3080,1,6,5,6.25,6,2,6.75,0,1,12,7,5,6.5,5,Dropout
3062,0,6,2,5.0,6,0,0.0,0,1,12,2,10,2.5,10,Dropout
3201,1,6,0,0.0,5,0,0.0,0,1,11,0,11,0.0,11,Dropout
1061,0,9,7,6.785714285,9,4,6.625,1,0,18,11,7,6.705357143,7,Dropout
2427,1,5,0,0.0,5,0,0.0,0,0,10,0,10,0.0,10,Dropout
2789,1,6,0,0.0,6,0,0.0,1,0,12,0,12,0.0,12,Dropout
3607,1,7,5,5.9,9,5,5.5,0,1,16,10,6,5.7,6,Dropout
4108,0,8,6,6.89,8,6,6.89,0,1,16,12,4,6.89,4,Dropout
3371,0,5,0,0.0,5,0,0.0,0,1,10,0,10,0.0,10,Dropout
2624,0,2,2,5.25,1,1,5.5,0,1,3,3,0,5.375,0,Dropout
2232,1,0,0,0.0,0,0,0.0,0,1,0,0,0,0.0,0,Dropout
4308,1,0,0,0.0,0,0,0.0,0,1,0,0,0,0.0,0,Dropout
1077,0,11,11,5.863636365,8,8,6.0,0,0,19,19,0,5.931818183,0,Dropout
2472,1,5,0,0.0,5,0,0.0,0,0,10,0,10,0.0,10,Dropout
2256,1,6,6,6.857142855,6,5,7.166666665,0,1,12,11,1,7.01190476,1,Dropout
4357,0,6,3,6.333333335,6,0,0.0,0,1,12,3,9,3.166666668,9,Dropout
1851,1,7,0,0.0,8,0,0.0,0,0,15,0,15,0.0,15,Dropout
1205,0,6,1,6.5,6,0,0.0,0,0,12,1,11,3.25,11,Dropout
3423,0,6,6,6.333333335,6,2,5.75,0,0,12,8,4,6.041666667,4,Dropout
4347,0,6,1,5.0,6,0,0.0,0,1,12,1,11,2.5,11,Dropout
2262,1,5,0,0.0,5,2,5.75,0,1,10,2,8,2.875,8,Dropout
3194,1,7,7,6.1875,7,4,5.625,0,1,14,11,3,5.90625,3,Dropout
3518,1,5,0,0.0,5,1,6.0,0,1,10,1,9,3.0,9,Dropout
3792,1,6,4,5.5,6,3,5.333333335,1,1,12,7,5,5.416666667,5,Dropout
1510,0,7,0,0.0,8,0,0.0,0,1,15,0,15,0.0,15,Dropout
1301,1,5,3,6.166666665,5,0,0.0,0,1,10,3,7,3.083333333,7,Dropout
2280,1,6,6,6.07142857,6,0,0.0,0,1,12,6,6,3.035714285,6,Dropout
2257,1,21,21,6.18181818,16,12,6.125,1,0,37,33,4,6.15340909,4,Dropout
193,0,5,0,0.0,5,0,0.0,0,1,10,0,10,0.0,10,Dropout
2334,1,0,0,0.0,0,0,0.0,0,1,0,0,0,0.0,0,Dropout
3333,1,5,2,5.5,5,2,5.75,1,0,10,4,6,5.625,6,Dropout
3494,1,5,0,0.0,5,0,0.0,0,0,10,0,10,0.0,10,Dropout
82,1,1,0,0.0,5,0,0.0,0,1,6,0,6,0.0,6,Dropout
410,0,5,0,0.0,5,0,0.0,0,1,10,0,10,0.0,10,Dropout
2837,0,5,0,0.0,5,0,0.0,0,1,10,0,10,0.0,10,Dropout
2370,1,5,1,9.0,5,3,6.666666665,0,1,10,4,6,7.833333333,6,Dropout
3245,0,6,5,6.2,6,3,5.333333335,0,1,12,8,4,5.766666668,4,Dropout
3874,1,6,4,6.25,6,0,0.0,0,0,12,4,8,3.125,8,Dropout
2867,0,1,0,0.0,6,0,0.0,0,1,7,0,7,0.0,7,Dropout
927,0,5,1,7.0,5,0,0.0,0,1,10,1,9,3.5,9,Dropout
3206,1,5,0,0.0,5,0,0.0,0,0,10,0,10,0.0,10,Dropout
1382,1,7,0,0.0,8,0,0.0,0,0,15,0,15,0.0,15,Dropout
4409,1,6,5,5.7,6,6,5.833333335,0,1,12,11,1,5.766666668,1,Dropout
1806,1,5,0,0.0,5,0,0.0,0,1,10,0,10,0.0,10,Dropout
3839,1,5,1,5.0,5,1,5.0,0,1,10,2,8,5.0,8,Dropout
2140,0,5,2,6.5,5,2,5.75,1,0,10,4,6,6.125,6,Dropout
2178,0,6,4,6.0,6,2,5.25,1,1,12,6,6,5.625,6,Dropout
1278,0,5,4,6.25,5,5,5.9,0,0,10,9,1,6.075,1,Dropout
1506,0,6,3,5.5,6,3,6.0,0,0,12,6,6,5.75,6,Dropout
721,1,10,6,6.333333335,9,3,6.0,1,1,19,9,10,6.166666667,10,Dropout
1333,0,5,0,0.0,5,1,6.0,0,0,10,1,9,3.0,9,Dropout
509,0,5,4,6.5,5,5,7.0,0,1,10,9,1,6.75,1,Dropout
3745,0,6,0,0.0,6,0,0.0,0,1,12,0,12,0.0,12,Dropout
277,0,6,5,5.5,6,3,5.333333335,0,1,12,8,4,5.416666667,4,Dropout
4380,0,5,5,5.7,5,5,6.833333335,0,1,10,10,0,6.266666668,0,Dropout
3337,1,6,2,6.25,6,0,0.0,0,0,12,2,10,3.125,10,Dropout
3507,1,6,0,0.0,6,0,0.0,0,0,12,0,12,0.0,12,Dropout
1628,1,6,4,6.25,7,4,5.5,0,1,13,8,5,5.875,5,Dropout
1495,1,7,0,0.0,7,0,0.0,1,1,14,0,14,0.0,14,Dropout
429,0,5,0,0.0,5,0,0.0,0,1,10,0,10,0.0,10,Dropout
3794,1,6,0,0.0,6,0,0.0,0,1,12,0,12,0.0,12,Dropout
2326,1,5,1,5.0,5,0,0.0,0,1,10,1,9,2.5,9,Dropout
3426,0,5,3,6.166666665,5,0,0.0,0,0,10,3,7,3.083333333,7,Dropout
1019,0,6,1,5.5,6,0,0.0,1,0,12,1,11,2.75,11,Dropout
802,0,6,0,0.0,6,0,0.0,1,0,12,0,12,0.0,12,Dropout
2770,0,7,0,0.0,7,1,5.0,0,1,14,1,13,2.5,13,Dropout
2787,1,6,3,6.5,6,1,6.0,0,1,12,4,8,6.25,8,Dropout
2252,1,13,10,5.727272725,11,7,6.125,0,1,24,17,7,5.926136362,7,Dropout
669,0,7,0,0.0,8,0,0.0,0,1,15,0,15,0.0,15,Dropout
4036,1,6,0,0.0,6,0,0.0,0,1,12,0,12,0.0,12,Dropout
1793,1,5,3,5.5,5,2,6.75,1,1,10,5,5,6.125,5,Dropout
532,1,6,0,0.0,6,0,0.0,0,1,12,0,12,0.0,12,Dropout
2313,1,5,4,6.375,5,0,0.0,0,1,10,4,6,3.1875,6,Dropout
1952,0,6,0,0.0,6,0,0.0,0,1,12,0,12,0.0,12,Dropout
1545,0,6,4,6.125,6,3,6.0,0,1,12,7,5,6.0625,5,Dropout
2865,0,6,5,6.0,6,5,5.5,0,1,12,10,2,5.75,2,Dropout
955,1,10,4,5.625,11,4,6.0,0,1,21,8,13,5.8125,13,Dropout
2095,0,6,6,8.166666665,6,5,7.8,0,0,12,11,1,7.983333332,1,Dropout
3678,0,6,1,6.5,5,0,0.0,0,1,11,1,10,3.25,10,Dropout
960,1,5,0,0.0,4,0,0.0,0,0,9,0,9,0.0,9,Dropout
948,1,4,0,0.0,4,0,0.0,0,0,8,0,8,0.0,8,Dropout
4388,0,5,4,6.125,5,5,5.083333335,0,0,10,9,1,5.604166667,1,Dropout
3023,0,6,4,6.5,6,4,6.125,0,1,12,8,4,6.3125,4,Dropout
1594,1,0,0,0.0,0,0,0.0,1,0,0,0,0,0.0,0,Dropout
3429,0,6,4,6.25,6,6,7.166666665,0,1,12,10,2,6.708333333,2,Dropout
1669,0,7,5,5.8,9,5,5.0,1,0,16,10,6,5.4,6,Dropout
1953,0,0,0,0.0,0,0,0.0,0,0,0,0,0,0.0,0,Dropout
2697,1,6,0,0.0,6,0,0.0,1,0,12,0,12,0.0,12,Dropout
1521,1,5,1,5.0,5,0,0.0,0,1,10,1,9,2.5,9,Dropout
2121,0,6,2,6.5,6,0,0.0,1,0,12,2,10,3.25,10,Dropout
2015,0,6,0,0.0,6,0,0.0,0,0,12,0,12,0.0,12,Dropout
1570,0,6,0,0.0,6,0,0.0,0,1,12,0,12,0.0,12,Dropout
2913,0,6,0,0.0,6,0,0.0,0,1,12,0,12,0.0,12,Dropout
2276,1,5,3,5.833333335,5,2,5.25,0,0,10,5,5,5.541666667,5,Dropout
4216,0,0,0,0.0,0,0,0.0,1,0,0,0,0,0.0,0,Dropout
3806,0,10,4,5.375,10,2,5.0,0,1,20,6,14,5.1875,14,Dropout
4252,0,5,2,5.0,5,0,0.0,0,1,10,2,8,2.5,8,Dropout
2660,1,6,6,5.5,6,5,6.1,0,1,12,11,1,5.8,1,Dropout
3073,1,6,5,5.8,6,5,6.0,1,0,12,10,2,5.9,2,Dropout
3345,1,7,5,6.0,7,3,5.833333335,1,0,14,8,6,5.916666667,6,Dropout
186,0,5,3,5.0,5,3,5.285714285,1,0,10,6,4,5.142857143,4,Dropout
2403,1,5,3,6.0,5,3,5.5,0,0,10,6,4,5.75,4,Dropout
4299,1,5,3,5.666666665,5,0,0.0,0,1,10,3,7,2.833333333,7,Dropout
4343,0,5,3,6.5,5,3,5.666666665,0,1,10,6,4,6.083333333,4,Dropout
3768,0,6,3,5.666666665,6,0,0.0,1,0,12,3,9,2.833333333,9,Dropout
308,0,5,1,5.5,5,0,0.0,0,1,10,1,9,2.75,9,Dropout
4246,0,7,0,0.0,6,0,0.0,1,0,13,0,13,0.0,13,Dropout
4381,0,8,4,5.6625,8,4,5.6625,0,1,16,8,8,5.6625,8,Dropout
1117,0,5,0,0.0,6,0,0.0,0,0,11,0,11,0.0,11,Dropout
3594,1,6,6,6.5,6,5,5.9,1,1,12,11,1,6.2,1,Dropout
1769,1,7,0,0.0,8,0,0.0,0,1,15,0,15,0.0,15,Dropout
2637,1,6,3,5.5,6,0,0.0,0,0,12,3,9,2.75,9,Dropout
809,0,4,0,0.0,6,0,0.0,0,1,10,0,10,0.0,10,Dropout
439,0,6,0,0.0,6,0,0.0,0,1,12,0,12,0.0,12,Dropout
2724,0,5,2,5.0,5,2,6.0,0,1,10,4,6,5.5,6,Dropout
1767,0,9,3,7.166666665,7,1,7.0,1,0,16,4,12,7.083333333,12,Dropout
667,0,6,5,6.1,6,4,5.875,1,0,12,9,3,5.9875,3,Dropout
3224,0,5,0,0.0,5,0,0.0,1,0,10,0,10,0.0,10,Dropout
2892,0,5,0,0.0,5,0,0.0,0,1,10,0,10,0.0,10,Dropout
3541,1,5,1,5.0,5,0,0.0,0,1,10,1,9,2.5,9,Dropout
2935,0,6,0,0.0,6,0,0.0,0,1,12,0,12,0.0,12,Dropout
2855,0,7,0,0.0,8,0,0.0,1,1,15,0,15,0.0,15,Dropout
3709,1,6,6,6.333333335,6,5,5.9,1,0,12,11,1,6.116666668,1,Dropout
105,0,6,0,0.0,6,0,0.0,0,1,12,0,12,0.0,12,Dropout
754,0,5,0,0.0,5,0,0.0,1,0,10,0,10,0.0,10,Dropout
4010,1,5,0,0.0,5,0,0.0,0,1,10,0,10,0.0,10,Dropout
1241,1,9,5,5.7,4,4,5.5,0,0,13,9,4,5.6,4,Dropout
4030,0,7,3,6.916666665,7,0,0.0,0,1,14,3,11,3.458333333,11,Dropout
4389,0,13,13,5.96153846,12,12,6.25,1,0,25,25,0,6.10576923,0,Dropout
1824,0,6,2,5.833333335,6,2,5.25,0,1,12,4,8,5.541666667,8,Dropout
703,1,4,4,6.9375,1,1,6.25,0,1,5,5,0,6.59375,0,Dropout
1515,0,7,0,0.0,8,0,0.0,0,1,15,0,15,0.0,15,Dropout
1448,1,5,4,6.125,5,3,6.166666665,0,1,10,7,3,6.145833333,3,Dropout
2704,1,6,3,5.625,6,4,5.6,0,1,12,7,5,5.6125,5,Dropout
1618,0,6,5,5.7,6,5,5.9,0,1,12,10,2,5.8,2,Dropout
3833,1,12,7,5.714285715,12,7,5.92857143,0,1,24,14,10,5.821428573,10,Enrolled
4312,1,5,0,0.0,5,1,5.0,0,1,10,1,9,2.5,9,Enrolled
376,0,11,10,5.95,11,10,6.4,1,1,22,20,2,6.175,2,Enrolled
2916,0,6,6,5.333333335,6,5,5.9,0,1,12,11,1,5.616666668,1,Enrolled
382,0,7,6,6.625,8,8,6.875,0,1,15,14,1,6.75,1,Enrolled
4172,0,6,0,0.0,6,4,5.5,0,1,12,4,8,2.75,8,Enrolled
2208,1,5,0,0.0,5,3,6.666666665,0,1,10,3,7,3.333333333,7,Enrolled
3784,0,7,5,6.67,7,6,6.192857145,0,1,14,11,3,6.431428573,3,Enrolled
3086,0,8,6,6.416666665,5,4,6.0,0,1,13,10,3,6.208333333,3,Enrolled
3462,0,8,5,6.563,8,5,6.563,0,1,16,10,6,6.563,6,Enrolled
380,0,6,5,6.333333335,6,2,6.75,0,1,12,7,5,6.541666667,5,Enrolled
1634,1,13,13,6.653846155,11,11,6.40909091,0,1,24,24,0,6.531468533,0,Enrolled
3512,1,6,5,6.2,6,2,7.5,0,1,12,7,5,6.85,5,Enrolled
383,0,6,3,5.166666665,6,3,5.166666665,0,1,12,6,6,5.166666665,6,Enrolled
1828,0,5,3,5.666666665,5,2,5.25,0,1,10,5,5,5.458333333,5,Enrolled
2248,1,8,0,0.0,8,0,0.0,0,1,16,0,16,0.0,16,Enrolled
1458,1,7,6,6.988333335,8,6,6.020833335,0,1,15,12,3,6.504583335,3,Enrolled
3470,0,8,7,6.385714285,8,7,6.385714285,0,1,16,14,2,6.385714285,2,Enrolled
4149,0,5,2,5.0,5,2,5.5,0,1,10,4,6,5.25,6,Enrolled
3887,0,6,6,7.25,6,5,7.5,0,1,12,11,1,7.375,1,Enrolled
2303,1,5,5,5.333333335,5,2,5.5,1,1,10,7,3,5.416666667,3,Enrolled
2922,0,6,4,6.625,6,0,0.0,0,1,12,4,8,3.3125,8,Enrolled
3441,0,7,6,5.575,7,7,6.407142855,0,1,14,13,1,5.991071428,1,Enrolled
4025,0,7,0,0.0,7,2,5.833333335,0,1,14,2,12,2.916666668,12,Enrolled
3524,1,5,2,5.0,5,3,5.166666665,0,1,10,5,5,5.083333333,5,Enrolled
151,0,0,0,0.0,0,0,0.0,0,1,0,0,0,0.0,0,Enrolled
1531,0,6,2,6.5,6,3,6.5,0,1,12,5,7,6.5,7,Enrolled
1962,0,8,0,0.0,8,0,0.0,0,1,16,0,16,0.0,16,Enrolled
3340,1,6,4,5.625,6,4,5.214285715,0,1,12,8,4,5.419642857,4,Enrolled
4276,1,5,4,6.5,5,3,6.166666665,0,1,10,7,3,6.333333333,3,Enrolled
1315,0,6,6,6.166666665,6,3,6.0,0,1,12,9,3,6.083333333,3,Enrolled
442,0,5,1,6.0,5,3,6.0,1,1,10,4,6,6.0,6,Enrolled
3001,0,8,7,6.357142855,8,7,6.357142855,0,1,16,14,2,6.357142855,2,Enrolled
3532,1,9,8,6.666666665,10,9,6.555555555,0,1,19,17,2,6.61111111,2,Enrolled
216,0,7,6,6.0625,8,8,6.65625,0,1,15,14,1,6.359375,1,Enrolled
112,0,5,3,6.5,5,3,5.5,0,1,10,6,4,6.0,4,Enrolled
3626,0,6,1,5.0,6,1,6.5,0,1,12,2,10,5.75,10,Enrolled
1757,1,12,10,6.35,11,10,6.136363635,1,1,23,20,3,6.243181818,3,Enrolled
4403,1,6,5,6.3,6,6,6.5,0,1,12,11,1,6.4,1,Enrolled
1734,1,11,9,6.166666665,11,9,5.5,0,1,22,18,4,5.833333333,4,Enrolled
779,0,7,6,5.916666665,7,6,7.166666665,0,1,14,12,2,6.541666665,2,Enrolled
1472,1,6,4,5.8,6,5,5.75,0,1,12,9,3,5.775,3,Enrolled
998,0,6,5,6.4,6,2,5.75,0,1,12,7,5,6.075,5,Enrolled
3786,1,6,3,6.0,6,3,5.833333335,0,1,12,6,6,5.916666667,6,Enrolled
3314,1,6,6,6.42857143,6,5,6.2,0,1,12,11,1,6.314285715,1,Enrolled
2860,0,6,5,6.5,6,4,6.25,0,1,12,9,3,6.375,3,Enrolled
2375,1,5,4,6.875,5,3,6.0,0,1,10,7,3,6.4375,3,Enrolled
2435,1,5,0,0.0,5,3,5.833333335,0,1,10,3,7,2.916666668,7,Enrolled
3698,1,6,5,5.4,6,2,5.25,0,1,12,7,5,5.325,5,Enrolled
2491,1,6,3,6.833333335,6,4,5.125,0,1,12,7,5,5.979166667,5,Enrolled
1561,1,7,7,6.42857143,7,4,6.375,0,1,14,11,3,6.401785715,3,Enrolled
610,0,7,5,5.99,7,5,5.99,0,1,14,10,4,5.99,4,Enrolled
3633,0,6,3,6.0,6,2,6.25,1,1,12,5,7,6.125,7,Enrolled
3294,0,8,7,6.840714285,8,7,6.840714285,0,1,16,14,2,6.840714285,2,Enrolled
1894,0,0,0,0.0,0,0,0.0,0,1,0,0,0,0.0,0,Enrolled
2111,0,5,1,6.5,5,3,7.666666665,0,1,10,4,6,7.083333333,6,Enrolled
1774,1,6,5,5.833333335,6,4,6.0,0,1,12,9,3,5.916666667,3,Enrolled
3811,0,7,5,6.43,7,5,6.43,0,1,14,10,4,6.43,4,Enrolled
1174,1,5,4,6.0,5,5,6.333333335,0,1,10,9,1,6.166666667,1,Enrolled
964,1,5,2,5.833333335,5,2,6.25,0,1,10,4,6,6.041666667,6,Enrolled
2722,0,5,3,5.5,5,4,5.875,0,1,10,7,3,5.6875,3,Enrolled
2635,1,6,6,6.357142855,6,4,6.5,0,1,12,10,2,6.428571428,2,Enrolled
3595,1,5,2,5.75,5,5,5.7,0,1,10,7,3,5.725,3,Enrolled
2595,0,5,2,5.0,5,1,6.0,0,1,10,3,7,5.5,7,Enrolled
1397,0,6,6,6.666666665,6,6,6.5,0,1,12,12,0,6.583333333,0,Enrolled
3052,0,5,2,5.75,5,3,5.42857143,0,1,10,5,5,5.589285715,5,Enrolled
320,0,7,6,5.87857143,8,6,6.541666665,0,1,15,12,3,6.210119048,3,Enrolled
3151,0,5,4,6.25,5,2,6.5,0,1,10,6,4,6.375,4,Enrolled
2025,0,5,2,5.75,5,4,5.875,0,1,10,6,4,5.8125,4,Enrolled
495,0,7,6,5.333333335,7,6,6.416666665,0,1,14,12,2,5.875,2,Enrolled
3008,0,5,2,5.0,5,4,5.875,0,1,10,6,4,5.4375,4,Enrolled
1147,0,0,0,0.0,0,0,0.0,0,1,0,0,0,0.0,0,Enrolled
4398,0,6,5,6.3,6,3,5.833333335,0,1,12,8,4,6.066666668,4,Enrolled
171,0,5,4,5.625,5,4,5.25,0,1,10,8,2,5.4375,2,Enrolled
153,0,6,3,6.166666665,6,5,5.416666665,0,1,12,8,4,5.791666665,4,Enrolled
1185,0,7,6,6.799166665,8,6,5.966666665,0,1,15,12,3,6.382916665,3,Enrolled
3203,1,6,6,6.083333335,6,3,6.0,0,1,12,9,3,6.041666667,3,Enrolled
3155,0,7,6,6.091666665,7,6,5.891666665,0,1,14,12,2,5.991666665,2,Enrolled
3825,1,5,0,0.0,5,1,7.5,0,1,10,1,9,3.75,9,Enrolled
4178,0,6,6,6.0625,6,5,6.0,1,1,12,11,1,6.03125,1,Enrolled
4101,0,7,7,6.166666665,8,8,6.3125,0,1,15,15,0,6.239583333,0,Enrolled
773,0,7,6,6.705714285,8,7,6.64722222,0,1,15,13,2,6.676468252,2,Enrolled
402,0,6,3,5.166666665,6,3,5.166666665,0,1,12,6,6,5.166666665,6,Enrolled
441,0,2,0,0.0,4,1,8.0,0,1,6,1,5,4.0,5,Enrolled
3195,1,10,7,5.357142855,10,9,6.27777778,1,1,20,16,4,5.817460318,4,Enrolled
1957,0,6,5,5.916666665,6,2,5.75,0,1,12,7,5,5.833333333,5,Enrolled
4339,0,5,3,6.333333335,5,4,6.25,0,1,10,7,3,6.291666667,3,Enrolled
2588,0,5,2,5.25,5,1,5.5,0,1,10,3,7,5.375,7,Enrolled
1862,1,5,0,0.0,5,1,5.5,0,1,10,1,9,2.75,9,Enrolled
546,1,5,4,5.1,5,3,5.5,0,1,10,7,3,5.3,3,Enrolled
1909,0,6,5,6.166666665,6,5,5.5,0,1,12,10,2,5.833333333,2,Enrolled
3936,0,6,4,5.5,6,4,6.25,0,1,12,8,4,5.875,4,Enrolled
2671,1,5,4,6.25,5,5,5.642857145,1,1,10,9,1,5.946428573,1,Enrolled
4344,0,7,5,7.03,7,6,6.285714285,0,1,14,11,3,6.657857143,3,Enrolled
3467,0,5,4,6.0,4,2,5.75,0,1,9,6,3,5.875,3,Enrolled
3379,0,5,4,5.625,5,3,5.857142855,0,1,10,7,3,5.741071428,3,Enrolled
4192,0,6,6,6.333333335,6,4,5.75,0,1,12,10,2,6.041666667,2,Enrolled
2930,0,8,1,6.835,8,1,6.835,0,1,16,2,14,6.835,14,Enrolled
341,0,5,4,6.0,5,3,6.0,0,1,10,7,3,6.0,3,Enrolled
4157,0,8,7,6.62142857,8,7,6.62142857,0,1,16,14,2,6.62142857,2,Enrolled
852,0,6,5,6.3,6,4,5.625,0,1,12,9,3,5.9625,3,Enrolled
2468,1,6,5,6.916666665,6,6,6.15,0,1,12,11,1,6.533333333,1,Enrolled
547,1,5,5,7.1,5,2,6.75,0,1,10,7,3,6.925,3,Enrolled
656,0,6,5,5.7,6,3,5.0,1,1,12,8,4,5.35,4,Enrolled
437,0,6,4,5.625,6,6,5.25,0,1,12,10,2,5.4375,2,Enrolled
1215,0,7,6,6.766666665,7,7,6.114285715,0,1,14,13,1,6.44047619,1,Enrolled
1979,0,6,6,7.142857145,6,3,6.5,0,1,12,9,3,6.821428573,3,Enrolled
4219,0,6,6,6.75,6,6,6.666666665,0,1,12,12,0,6.708333333,0,Enrolled
1255,0,5,0,0.0,5,4,7.375,0,1,10,4,6,3.6875,6,Enrolled
4116,0,6,6,5.916666665,6,3,6.666666665,0,1,12,9,3,6.291666665,3,Enrolled
2385,1,5,4,5.75,5,0,0.0,0,1,10,4,6,2.875,6,Enrolled
2545,0,6,3,5.833333335,6,4,5.75,0,1,12,7,5,5.791666667,5,Enrolled
484,0,6,6,6.333333335,6,2,6.5,0,1,12,8,4,6.416666667,4,Enrolled
53,0,6,4,7.0,6,3,5.5,0,1,12,7,5,6.25,5,Enrolled
4012,0,5,3,5.4,5,3,5.25,0,1,10,6,4,5.325,4,Enrolled
614,0,5,4,5.5,5,5,6.6,0,1,10,9,1,6.05,1,Enrolled
1603,1,6,5,5.5,6,3,5.166666665,0,1,12,8,4,5.333333333,4,Enrolled
2674,1,5,3,5.5,5,4,6.25,0,1,10,7,3,5.875,3,Enrolled
1269,0,11,8,6.1875,9,5,6.3,1,1,20,13,7,6.24375,7,Enrolled
1422,0,5,5,5.8,5,3,6.333333335,0,1,10,8,2,6.066666668,2,Enrolled
2492,1,5,5,5.4,5,2,6.75,0,1,10,7,3,6.075,3,Enrolled
4073,0,6,6,6.583333335,6,6,6.5,0,1,12,12,0,6.541666667,0,Enrolled
647,0,6,5,5.6,6,1,5.0,0,1,12,6,6,5.3,6,Enrolled
3980,0,6,5,6.5,6,5,6.3,0,1,12,10,2,6.4,2,Enrolled
1271,0,6,5,6.3,6,6,6.214285715,0,1,12,11,1,6.257142858,1,Enrolled
1504,0,7,5,6.67,7,5,5.42,0,1,14,10,4,6.045,4,Enrolled
1681,1,5,3,5.333333335,5,2,7.0,0,1,10,5,5,6.166666667,5,Enrolled
143,0,5,0,0.0,5,0,0.0,1,0,10,0,10,0.0,10,Enrolled
1562,0,6,5,6.8,6,4,7.125,0,1,12,9,3,6.9625,3,Enrolled
1896,0,6,2,5.25,6,3,5.5,0,1,12,5,7,5.375,7,Enrolled
3615,1,8,7,6.57142857,6,6,5.916666665,1,1,14,13,1,6.244047618,1,Enrolled
3930,0,6,5,5.9,6,4,5.625,0,1,12,9,3,5.7625,3,Enrolled
465,0,6,5,5.3,6,4,5.2,0,1,12,9,3,5.25,3,Enrolled
3551,1,7,6,6.2825,8,5,6.08,0,1,15,11,4,6.18125,4,Enrolled
2367,1,17,13,6.076923075,17,11,5.954545455,1,1,34,24,10,6.015734265,10,Enrolled
3525,1,5,5,7.1,5,5,7.3,0,1,10,10,0,7.2,0,Enrolled
3779,0,6,4,6.7,6,2,6.75,0,1,12,6,6,6.725,6,Enrolled
2373,1,0,0,0.0,0,0,0.0,0,1,0,0,0,0.0,0,Enrolled
3545,1,5,2,5.25,5,3,5.666666665,0,1,10,5,5,5.458333333,5,Enrolled
2534,0,6,6,6.416666665,6,6,6.5,0,1,12,12,0,6.458333333,0,Enrolled
1279,1,6,4,6.125,6,4,5.75,0,1,12,8,4,5.9375,4,Enrolled
2901,0,12,11,5.75,12,12,5.71875,0,1,24,23,1,5.734375,1,Enrolled
2686,1,5,5,5.4,5,3,6.0,0,1,10,8,2,5.7,2,Enrolled
1325,0,5,4,5.333333335,5,2,6.0,0,1,10,6,4,5.666666667,4,Enrolled
33,1,5,3,5.666666665,5,2,6.75,0,0,10,5,5,6.208333333,5,Enrolled
3219,0,13,9,5.5,11,7,5.785714285,0,1,24,16,8,5.642857143,8,Enrolled
559,1,6,3,5.75,6,3,5.333333335,1,1,12,6,6,5.541666667,6,Enrolled
1821,0,6,5,6.5,6,3,5.833333335,0,0,12,8,4,6.166666667,4,Enrolled
2845,0,5,2,5.25,5,3,5.5,0,1,10,5,5,5.375,5,Enrolled
1753,1,6,5,5.9,6,4,6.0,0,1,12,9,3,5.95,3,Enrolled
1844,1,5,5,6.6,5,5,5.7,1,1,10,10,0,6.15,0,Enrolled
22,0,7,7,5.71875,8,8,5.7125,0,1,15,15,0,5.715625,0,Enrolled
2107,0,6,1,7.5,6,4,6.25,0,1,12,5,7,6.875,7,Enrolled
2342,1,5,4,6.25,5,3,7.333333335,0,1,10,7,3,6.791666667,3,Enrolled
2832,0,5,5,6.3,5,4,5.5,0,1,10,9,1,5.9,1,Enrolled
3283,0,11,9,6.11111111,9,9,5.8,0,1,20,18,2,5.955555555,2,Enrolled
2446,1,7,6,5.666666665,7,4,6.3,0,1,14,10,4,5.983333333,4,Enrolled
4134,0,6,5,6.1,6,5,5.8,0,1,12,10,2,5.95,2,Enrolled
2810,0,7,4,6.6875,7,6,6.058333335,0,1,14,10,4,6.372916668,4,Enrolled
2058,0,6,6,6.5,6,2,6.0,0,1,12,8,4,6.25,4,Enrolled
1558,1,5,0,0.0,5,0,0.0,1,1,10,0,10,0.0,10,Enrolled
1607,1,6,4,6.5,6,6,6.5,0,1,12,10,2,6.5,2,Graduate
3025,0,0,0,0.0,0,0,0.0,0,1,0,0,0,0.0,0,Graduate
2899,0,8,7,6.207142855,8,7,6.207142855,0,1,16,14,2,6.207142855,2,Graduate
791,0,6,6,6.583333335,6,6,6.916666665,0,1,12,12,0,6.75,0,Graduate
3043,0,6,6,6.166666665,6,5,6.8,0,0,12,11,1,6.483333333,1,Graduate
2781,0,7,7,6.889285715,8,8,6.56111111,0,1,15,15,0,6.725198412,0,Graduate
1490,1,5,4,6.5,5,5,7.416666665,0,1,10,9,1,6.958333333,1,Graduate
752,0,6,6,6.666666665,6,6,7.333333335,1,1,12,12,0,7.0,0,Graduate
2081,0,8,7,6.235714285,8,7,6.235714285,0,1,16,14,2,6.235714285,2,Graduate
4091,0,6,5,5.7,6,6,5.583333335,0,1,12,11,1,5.641666668,1,Graduate
2799,1,14,14,6.53642857,14,14,6.53642857,0,1,28,28,0,6.53642857,0,Graduate
1285,1,5,4,5.5,5,4,5.75,0,1,10,8,2,5.625,2,Graduate
2344,1,5,4,6.5,5,5,6.5,0,1,10,9,1,6.5,1,Graduate
3005,0,5,5,6.4,5,5,6.5,1,1,10,10,0,6.45,0,Graduate
1426,0,0,0,0.0,0,0,0.0,0,1,0,0,0,0.0,0,Graduate
705,1,9,9,6.555555555,7,7,7.42857143,0,1,16,16,0,6.992063493,0,Graduate
2366,1,6,6,6.916666665,6,6,7.25,0,1,12,12,0,7.083333333,0,Graduate
786,0,6,6,5.416666665,6,6,6.07142857,0,1,12,12,0,5.744047618,0,Graduate
301,0,6,6,6.125,6,6,6.857142855,0,1,12,12,0,6.491071428,0,Graduate
3957,0,5,5,6.4,5,5,6.3,0,1,10,10,0,6.35,0,Graduate
1341,0,6,6,6.166666665,6,6,5.666666665,0,1,12,12,0,5.916666665,0,Graduate
635,0,6,6,6.75,6,5,7.0,0,1,12,11,1,6.875,1,Graduate
4128,0,6,6,6.166666665,6,6,5.833333335,0,1,12,12,0,6.0,0,Graduate
3420,0,6,6,6.666666665,6,6,7.0,0,1,12,12,0,6.833333333,0,Graduate
482,0,8,7,7.157142855,8,7,7.157142855,0,1,16,14,2,7.157142855,2,Graduate
995,0,6,5,6.25,6,5,7.3,0,1,12,10,2,6.775,2,Graduate
3410,0,6,6,6.916666665,6,6,6.416666665,0,1,12,12,0,6.666666665,0,Graduate
3991,0,16,16,7.3125,10,9,7.444444445,0,1,26,25,1,7.378472223,1,Graduate
4136,0,6,5,6.4,6,5,5.5,0,1,12,10,2,5.95,2,Graduate
54,0,5,5,7.357142855,5,5,7.9,0,1,10,10,0,7.628571428,0,Graduate
1610,1,6,6,6.416666665,6,6,6.285714285,0,1,12,12,0,6.351190475,0,Graduate
492,0,6,6,7.42857143,6,6,6.666666665,0,1,12,12,0,7.047619048,0,Graduate
3081,1,5,5,7.6,5,5,7.083333335,0,1,10,10,0,7.341666668,0,Graduate
1665,0,5,5,7.083333335,5,4,5.875,0,1,10,9,1,6.479166667,1,Graduate
2893,0,6,6,6.583333335,6,6,6.214285715,0,1,12,12,0,6.398809525,0,Graduate
3636,0,21,18,7.466666665,21,18,7.466666665,0,1,42,36,6,7.466666665,6,Graduate
1635,1,5,5,6.1,5,5,5.9,0,1,10,10,0,6.0,0,Graduate
795,0,6,6,6.583333335,6,6,6.083333335,0,1,12,12,0,6.333333335,0,Graduate
4050,0,7,6,6.657142855,8,7,6.4375,0,1,15,13,2,6.547321428,2,Graduate
415,0,6,6,6.166666665,6,6,5.916666665,0,1,12,12,0,6.041666665,0,Graduate
3953,0,8,7,7.107142855,8,7,7.107142855,0,1,16,14,2,7.107142855,2,Graduate
4211,0,6,6,6.416666665,6,4,6.625,0,1,12,10,2,6.520833333,2,Graduate
4410,1,5,5,7.3,5,5,7.166666665,0,1,10,10,0,7.233333333,0,Graduate
215,0,6,6,5.857142855,6,6,6.0,0,1,12,12,0,5.928571428,0,Graduate
2945,0,7,7,5.857142855,8,8,6.375,0,1,15,15,0,6.116071428,0,Graduate
1961,0,6,6,6.416666665,6,6,6.333333335,1,1,12,12,0,6.375,0,Graduate
1858,1,6,5,5.75,6,5,6.2,1,0,12,10,2,5.975,2,Graduate
3136,0,0,0,0.0,0,0,0.0,0,1,0,0,0,0.0,0,Graduate
3644,0,5,4,6.0,5,5,6.666666665,0,1,10,9,1,6.333333333,1,Graduate
2743,0,6,6,6.666666665,6,6,7.25,0,1,12,12,0,6.958333333,0,Graduate
1918,0,7,7,6.242857145,8,8,6.46875,0,1,15,15,0,6.355803573,0,Graduate
1220,0,5,5,6.875,5,5,6.083333335,0,1,10,10,0,6.479166667,0,Graduate
4320,1,6,5,6.2,6,6,6.583333335,0,1,12,11,1,6.391666668,1,Graduate
3226,0,8,8,6.906875,8,8,6.906875,0,1,16,16,0,6.906875,0,Graduate
3796,1,5,5,7.0,5,5,6.6,0,1,10,10,0,6.8,0,Graduate
1693,1,7,7,6.85,8,8,7.01111111,0,1,15,15,0,6.930555555,0,Graduate
3006,0,7,7,7.28642857,8,8,7.47777778,0,1,15,15,0,7.382103175,0,Graduate
2792,1,6,6,7.42857143,6,6,7.07142857,0,1,12,12,0,7.25,0,Graduate
2406,1,6,6,7.0,6,6,7.083333335,0,0,12,12,0,7.041666667,0,Graduate
3377,0,6,6,7.25,6,6,7.333333335,0,1,12,12,0,7.291666667,0,Graduate
2801,0,6,6,7.75,6,6,8.0,0,1,12,12,0,7.875,0,Graduate
3436,0,6,6,5.916666665,6,6,6.5,0,1,12,12,0,6.208333333,0,Graduate
3588,1,12,12,6.583333335,12,12,6.5,0,1,24,24,0,6.541666667,0,Graduate
255,0,5,5,6.2,5,5,5.4,0,1,10,10,0,5.8,0,Graduate
319,0,6,6,5.642857145,6,6,5.92857143,0,1,12,12,0,5.785714287,0,Graduate
195,0,8,7,6.12142857,8,7,6.12142857,0,1,16,14,2,6.12142857,2,Graduate
665,1,7,7,6.68125,8,8,7.22222222,0,1,15,15,0,6.95173611,0,Graduate
2764,0,11,10,5.9,7,7,6.642857145,0,1,18,17,1,6.271428573,1,Graduate
4074,0,6,6,6.75,6,6,7.0,0,1,12,12,0,6.875,0,Graduate
3675,0,6,6,6.333333335,6,6,6.5,0,1,12,12,0,6.416666667,0,Graduate
2093,0,8,7,7.85,8,7,7.85,0,1,16,14,2,7.85,2,Graduate
586,0,5,5,7.5,5,5,7.6,0,1,10,10,0,7.55,0,Graduate
2310,1,5,5,6.5,5,5,7.1,0,1,10,10,0,6.8,0,Graduate
1439,0,6,6,6.5,6,6,7.166666665,0,1,12,12,0,6.833333333,0,Graduate
2655,1,8,7,6.93357143,8,7,6.93357143,0,1,16,14,2,6.93357143,2,Graduate
3115,0,6,6,5.833333335,6,6,5.75,0,1,12,12,0,5.791666667,0,Graduate
4045,0,6,6,6.333333335,6,6,6.5,1,1,12,12,0,6.416666667,0,Graduate
654,0,6,5,6.1,6,6,5.75,0,1,12,11,1,5.925,1,Graduate
346,0,6,6,6.75,6,6,6.25,0,1,12,12,0,6.5,0,Graduate
4118,0,8,7,7.1,8,7,7.1,0,1,16,14,2,7.1,2,Graduate
2730,0,5,4,6.0,5,5,6.7,0,1,10,9,1,6.35,1,Graduate
1533,0,6,6,6.083333335,6,4,5.875,0,1,12,10,2,5.979166667,2,Graduate
1859,1,6,6,7.083333335,6,6,6.166666665,0,1,12,12,0,6.625,0,Graduate
146,0,6,5,6.0,6,5,5.4,0,1,12,10,2,5.7,2,Graduate
417,0,6,6,7.615384615,6,6,6.1875,0,1,12,12,0,6.901442308,0,Graduate
637,0,8,7,6.314285715,8,7,6.314285715,0,1,16,14,2,6.314285715,2,Graduate
2846,0,6,6,6.785714285,6,6,6.357142855,0,1,12,12,0,6.57142857,0,Graduate
605,0,7,7,6.52777778,8,8,7.90625,0,1,15,15,0,7.21701389,0,Graduate
1884,1,0,0,0.0,0,0,0.0,0,1,0,0,0,0.0,0,Graduate
768,0,9,9,6.166666665,7,7,6.285714285,0,1,16,16,0,6.226190475,0,Graduate
3311,0,6,6,5.666666665,6,5,6.5,0,1,12,11,1,6.083333333,1,Graduate
1016,0,6,6,6.166666665,6,6,6.166666665,0,1,12,12,0,6.166666665,0,Graduate
3412,0,8,7,6.227142855,8,7,6.227142855,0,1,16,14,2,6.227142855,2,Graduate
3284,0,6,6,5.666666665,6,6,5.416666665,0,1,12,12,0,5.541666665,0,Graduate
655,0,6,4,5.875,6,4,5.5,0,1,12,8,4,5.6875,4,Graduate
3496,1,6,6,7.75,6,6,7.05,0,1,12,12,0,7.4,0,Graduate
202,0,6,6,5.583333335,6,6,5.666666665,0,1,12,12,0,5.625,0,Graduate
2139,0,7,7,5.985714285,8,8,7.21875,0,1,15,15,0,6.602232143,0,Graduate
2896,0,6,6,5.666666665,6,6,5.25,0,1,12,12,0,5.458333333,0,Graduate
4271,1,6,6,6.833333335,6,6,6.0,0,1,12,12,0,6.416666667,0,Graduate
3782,0,6,6,6.416666665,6,6,6.416666665,0,1,12,12,0,6.416666665,0,Graduate
666,0,5,5,7.7,5,5,8.0,0,1,10,10,0,7.85,0,Graduate
1233,0,7,6,7.17857143,7,6,7.17857143,0,1,14,12,2,7.17857143,2,Graduate
142,0,6,6,6.333333335,6,5,6.0,0,1,12,11,1,6.166666667,1,Graduate
1161,0,5,5,5.5,5,5,5.9,0,1,10,10,0,5.7,0,Graduate
763,1,9,9,6.0,7,6,6.0,0,1,16,15,1,6.0,1,Graduate
1009,0,8,7,7.214285715,8,7,7.214285715,0,1,16,14,2,7.214285715,2,Graduate
3739,1,5,5,6.8,5,5,7.3,0,1,10,10,0,7.05,0,Graduate
2767,0,8,7,7.207142855,8,7,7.207142855,0,1,16,14,2,7.207142855,2,Graduate
3060,0,8,7,7.11642857,8,7,7.11642857,0,1,16,14,2,7.11642857,2,Graduate
427,0,6,6,6.75,6,6,6.785714285,0,1,12,12,0,6.767857143,0,Graduate
4241,0,6,6,7.416666665,6,5,6.916666665,0,1,12,11,1,7.166666665,1,Graduate
1485,0,7,6,5.491666665,7,6,5.491666665,0,1,14,12,2,5.491666665,2,Graduate
692,1,19,19,6.342105265,13,13,6.19230769,0,1,32,32,0,6.267206478,0,Graduate
449,0,6,6,6.666666665,6,5,6.4,0,1,12,11,1,6.533333333,1,Graduate
2719,0,8,7,7.057857145,8,7,7.057857145,0,1,16,14,2,7.057857145,2,Graduate
1752,1,0,0,0.0,0,0,0.0,0,1,0,0,0,0.0,0,Graduate
1919,0,6,5,5.4,6,5,6.4,0,1,12,10,2,5.9,2,Graduate
212,0,7,6,6.458333335,7,6,6.458333335,0,1,14,12,2,6.458333335,2,Graduate
3858,1,5,5,7.357142855,5,5,7.1875,1,1,10,10,0,7.272321428,0,Graduate
3909,0,6,6,6.666666665,6,6,7.642857145,1,1,12,12,0,7.154761905,0,Graduate
138,0,6,6,7.416666665,6,6,7.416666665,1,1,12,12,0,7.416666665,0,Graduate
1378,1,0,0,0.0,0,0,0.0,0,1,0,0,0,0.0,0,Graduate
1372,1,8,7,7.514285715,8,7,7.514285715,0,1,16,14,2,7.514285715,2,Graduate
2613,0,5,5,8.083333335,5,5,7.916666665,0,1,10,10,0,8.0,0,Graduate
2244,1,7,7,6.73142857,8,8,6.953125,0,1,15,15,0,6.842276785,0,Graduate
493,0,7,6,6.3,7,6,6.3,0,1,14,12,2,6.3,2,Graduate
3057,0,6,6,6.833333335,6,6,7.0,0,1,12,12,0,6.916666667,0,Graduate
2211,1,8,7,6.55,8,7,6.55,0,1,16,14,2,6.55,2,Graduate
1797,0,6,6,6.416666665,6,6,6.083333335,0,1,12,12,0,6.25,0,Graduate
2043,1,6,6,6.833333335,6,6,6.75,0,1,12,12,0,6.791666667,0,Graduate
1983,0,7,3,6.5,5,5,6.642857145,0,1,12,8,4,6.571428573,4,Graduate
2514,0,6,6,6.75,6,6,6.0,0,1,12,12,0,6.375,0,Graduate
3503,1,6,6,6.5,6,6,6.5,0,0,12,12,0,6.5,0,Graduate
327,0,7,6,6.666666665,7,6,6.666666665,0,1,14,12,2,6.666666665,2,Graduate
4196,0,6,6,5.833333335,6,4,6.125,0,1,12,10,2,5.979166667,2,Graduate
3039,0,6,6,6.416666665,6,6,6.916666665,0,1,12,12,0,6.666666665,0,Graduate
2976,0,10,10,7.31818182,10,10,7.3,0,1,20,20,0,7.30909091,0,Graduate
3932,0,6,6,7.25,6,6,6.42857143,0,1,12,12,0,6.839285715,0,Graduate
949,1,10,10,5.7,9,4,5.75,0,1,19,14,5,5.725,5,Graduate
3973,0,5,4,5.5,5,5,5.6,0,1,10,9,1,5.55,1,Graduate
445,0,5,4,5.5,5,4,5.5,0,1,10,8,2,5.5,2,Graduate
2692,1,5,5,5.8,5,4,6.75,0,1,10,9,1,6.275,1,Graduate
962,1,15,15,6.733333335,14,14,6.82142857,0,1,29,29,0,6.777380953,0,Graduate
2173,0,6,6,7.5,6,3,5.5,0,1,12,9,3,6.5,3,Graduate
4130,0,7,6,6.333333335,7,6,6.333333335,0,1,14,12,2,6.333333335,2,Graduate
257,0,5,5,6.785714285,5,5,6.166666665,0,1,10,10,0,6.476190475,0,Graduate
1075,0,6,5,6.2,6,6,6.5,0,1,12,11,1,6.35,1,Graduate
3939,0,7,7,7.104285715,8,8,7.56388889,0,1,15,15,0,7.334087303,0,Graduate
994,0,6,6,7.083333335,6,6,6.75,0,1,12,12,0,6.916666667,0,Graduate
438,0,6,6,7.25,6,6,6.833333335,0,1,12,12,0,7.041666667,0,Graduate
634,0,7,7,5.5,8,7,5.85,1,1,15,14,1,5.675,1,Graduate
4037,0,6,6,6.666666665,6,5,7.25,0,1,12,11,1,6.958333333,1,Graduate
2080,0,7,6,7.075,7,6,7.075,0,1,14,12,2,7.075,2,Graduate
3267,0,5,5,6.7,5,5,7.0,0,1,10,10,0,6.85,0,Graduate
1487,0,12,11,6.69230769,9,7,7.142857145,0,0,21,18,3,6.917582418,3,Graduate
3986,0,6,6,6.25,6,6,6.333333335,0,1,12,12,0,6.291666667,0,Graduate
900,0,6,6,6.5,6,6,7.0,0,1,12,12,0,6.75,0,Graduate
2176,0,0,0,0.0,0,0,0.0,0,1,0,0,0,0.0,0,Graduate
245,0,10,9,6.45,10,10,6.18181818,0,1,20,19,1,6.31590909,1,Graduate
1791,1,8,7,6.537857145,8,7,6.537857145,0,1,16,14,2,6.537857145,2,Graduate
1124,0,6,6,6.5,6,5,6.5,1,1,12,11,1,6.5,1,Graduate
1964,0,7,7,6.3625,8,8,6.85625,0,1,15,15,0,6.609375,0,Graduate
1110,0,5,4,6.2,5,5,6.333333335,0,1,10,9,1,6.266666668,1,Graduate
3922,0,7,6,6.79,8,8,6.468125,0,1,15,14,1,6.6290625,1,Graduate
106,0,10,10,6.5,11,11,6.136363635,1,1,21,21,0,6.318181818,0,Graduate
1234,0,6,6,6.416666665,6,6,6.333333335,0,1,12,12,0,6.375,0,Graduate
2886,0,11,11,7.227272725,8,8,6.75,0,1,19,19,0,6.988636362,0,Graduate
3404,0,7,7,6.784375,8,8,7.013125,0,1,15,15,0,6.89875,0,Graduate
1029,0,7,7,6.5875,8,8,7.4375,0,1,15,15,0,7.0125,0,Graduate
2133,0,5,3,5.666666665,5,5,6.1,0,1,10,8,2,5.883333332,2,Graduate
1108,0,7,7,6.325,8,8,6.22277778,1,1,15,15,0,6.27388889,0,Graduate
3249,0,5,5,5.8,5,5,5.7,0,1,10,10,0,5.75,0,Graduate
3374,0,5,5,6.4375,5,5,5.916666665,0,1,10,10,0,6.177083333,0,Graduate
517,0,6,6,6.25,6,5,6.2,0,1,12,11,1,6.225,1,Graduate
1812,0,7,7,6.382857145,8,8,6.77222222,0,1,15,15,0,6.577539682,0,Graduate
2977,0,6,6,6.5,6,6,6.083333335,0,1,12,12,0,6.291666667,0,Graduate
2971,0,10,10,6.25,7,4,6.3,0,1,17,14,3,6.275,3,Graduate
3050,0,5,4,6.5,5,5,6.57142857,0,1,10,9,1,6.535714285,1,Graduate
2586,0,6,5,6.1,6,6,6.0,0,1,12,11,1,6.05,1,Graduate
1308,0,5,5,6.7,5,5,6.1,0,1,10,10,0,6.4,0,Graduate
3950,0,5,5,6.6,5,5,7.2,0,1,10,10,0,6.9,0,Graduate
689,1,5,5,5.9,5,5,7.0,0,1,10,10,0,6.45,0,Graduate
1529,0,6,6,5.75,6,4,6.625,0,0,12,10,2,6.1875,2,Graduate
1486,0,6,4,5.375,6,5,5.75,0,1,12,9,3,5.5625,3,Graduate
2974,0,5,4,5.8,5,3,6.166666665,0,1,10,7,3,5.983333333,3,Graduate
536,1,5,4,5.75,5,5,5.642857145,0,1,10,9,1,5.696428573,1,Graduate
4372,1,7,7,6.587857145,8,8,7.4625,0,1,15,15,0,7.025178573,0,Graduate
2504,0,7,6,6.256666665,8,7,6.535714285,0,1,15,13,2,6.396190475,2,Graduate
3889,0,5,5,6.5,5,5,6.666666665,0,1,10,10,0,6.583333333,0,Graduate
1710,0,7,6,6.225,7,6,6.225,0,1,14,12,2,6.225,2,Graduate
4220,0,6,5,6.5,6,6,5.916666665,0,1,12,11,1,6.208333333,1,Graduate
544,1,7,7,7.97857143,8,8,7.594444445,0,1,15,15,0,7.786507938,0,Graduate
2557,0,5,4,6.0,5,5,5.7,0,1,10,9,1,5.85,1,Graduate
3335,1,6,4,6.625,6,5,5.9,0,1,12,9,3,6.2625,3,Graduate
1321,0,6,6,6.083333335,6,6,6.166666665,1,1,12,12,0,6.125,0,Graduate
992,0,6,6,6.0,6,5,7.4,0,1,12,11,1,6.7,1,Graduate
335,0,6,6,6.083333335,6,6,6.833333335,0,1,12,12,0,6.458333335,0,Graduate
1773,0,6,6,6.75,6,6,7.214285715,0,1,12,12,0,6.982142857,0,Graduate
947,1,5,5,6.8,5,5,6.416666665,1,1,10,10,0,6.608333333,0,Graduate
1115,0,7,6,6.883333335,8,7,7.025714285,0,1,15,13,2,6.95452381,2,Graduate
1978,0,6,6,6.75,6,5,6.25,0,1,12,11,1,6.5,1,Graduate
2513,0,7,7,6.599285715,8,8,6.53125,0,1,15,15,0,6.565267858,0,Graduate
3605,1,6,6,5.916666665,6,6,6.083333335,0,1,12,12,0,6.0,0,Graduate
974,1,2,1,8.0,4,4,7.75,0,1,6,5,1,7.875,1,Graduate
98,0,7,7,6.875,8,8,7.23888889,0,1,15,15,0,7.056944445,0,Graduate
3055,0,6,6,7.0,6,6,7.285714285,0,1,12,12,0,7.142857143,0,Graduate
395,0,6,6,7.42857143,6,6,7.0,0,1,12,12,0,7.214285715,0,Graduate
891,0,6,6,7.0,6,6,7.333333335,0,1,12,12,0,7.166666667,0,Graduate
1825,0,6,6,7.25,6,6,6.333333335,0,1,12,12,0,6.791666667,0,Graduate
1434,0,6,6,7.666666665,6,6,7.916666665,0,1,12,12,0,7.791666665,0,Graduate
230,0,8,7,5.785714285,8,7,5.785714285,0,1,16,14,2,5.785714285,2,Graduate
3814,0,14,14,8.25,11,11,8.454545455,0,1,25,25,0,8.352272728,0,Graduate
378,0,7,7,7.567857145,8,8,7.64375,0,1,15,15,0,7.605803572,0,Graduate
3471,0,8,7,6.899285715,8,7,6.899285715,0,1,16,14,2,6.899285715,2,Graduate
3102,0,5,5,6.2,5,5,6.4,0,1,10,10,0,6.3,0,Graduate
120,0,5,5,6.3,5,5,7.0,0,1,10,10,0,6.65,0,Graduate
1006,0,5,3,6.833333335,5,5,6.0,0,1,10,8,2,6.416666667,2,Graduate
3164,0,6,6,7.5,6,6,8.166666665,0,1,12,12,0,7.833333333,0,Graduate
3419,0,7,7,6.642857145,7,7,7.214285715,0,1,14,14,0,6.92857143,0,Graduate
2725,0,8,6,6.2075,8,6,6.2075,0,1,16,12,4,6.2075,4,Graduate
513,0,5,4,6.25,5,4,5.875,0,1,10,8,2,6.0625,2,Graduate
1044,0,7,6,5.99722222,8,7,6.215714285,0,1,15,13,2,6.106468253,2,Graduate
3045,0,6,6,6.166666665,6,6,6.416666665,0,1,12,12,0,6.291666665,0,Graduate
902,0,6,6,5.714285715,6,5,5.6,0,1,12,11,1,5.657142858,1,Graduate
3392,0,8,8,6.443125,8,8,6.443125,0,1,16,16,0,6.443125,0,Graduate
4124,0,7,6,7.358333335,7,6,7.358333335,0,1,14,12,2,7.358333335,2,Graduate
1674,0,7,7,7.37857143,8,8,7.03888889,0,1,15,15,0,7.20873016,0,Graduate
535,1,0,0,0.0,0,0,0.0,0,1,0,0,0,0.0,0,Graduate
2205,1,6,5,6.6,6,5,5.9,0,1,12,10,2,6.25,2,Graduate
2566,1,6,6,6.166666665,6,6,6.714285715,0,1,12,12,0,6.44047619,0,Graduate
456,0,6,6,5.583333335,6,2,5.5,0,1,12,8,4,5.541666667,4,Graduate
2312,1,7,6,6.695833335,8,8,6.24375,0,1,15,14,1,6.469791668,1,Graduate
2006,0,5,5,7.2,5,5,6.6,0,1,10,10,0,6.9,0,Graduate
2219,1,6,6,7.333333335,6,6,6.75,0,1,12,12,0,7.041666667,0,Graduate
2227,1,6,5,6.666666665,6,5,6.5,0,1,12,10,2,6.583333333,2,Graduate
3856,1,6,6,8.416666665,6,6,8.333333335,0,1,12,12,0,8.375,0,Graduate
1555,0,7,6,7.333333335,6,6,7.166666665,0,1,13,12,1,7.25,1,Graduate
1997,0,6,6,6.92857143,6,6,6.55,0,1,12,12,0,6.739285715,0,Graduate
88,1,6,6,5.333333335,6,5,5.6,0,1,12,11,1,5.466666668,1,Graduate
296,0,8,7,7.362857145,8,7,7.362857145,0,1,16,14,2,7.362857145,2,Graduate
2612,1,6,4,7.375,6,4,6.125,0,1,12,8,4,6.75,4,Graduate
2786,0,11,11,6.375,7,7,6.714285715,0,1,18,18,0,6.544642857,0,Graduate
2681,1,14,12,6.26304348,14,12,6.26304348,0,1,28,24,4,6.26304348,4,Graduate
339,0,6,5,6.083333335,6,6,6.214285715,0,1,12,11,1,6.148809525,1,Graduate
2169,0,7,7,6.2,8,8,6.4,0,1,15,15,0,6.3,0,Graduate
1908,0,8,7,6.472142855,8,7,6.472142855,0,1,16,14,2,6.472142855,2,Graduate
824,0,6,6,6.285714285,6,6,6.642857145,0,1,12,12,0,6.464285715,0,Graduate
2742,0,6,6,6.416666665,6,6,6.0,0,1,12,12,0,6.208333333,0,Graduate
2437,1,18,13,6.857142855,12,12,6.041666665,0,1,30,25,5,6.44940476,5,Graduate
3216,1,6,6,6.75,6,6,6.166666665,0,1,12,12,0,6.458333333,0,Graduate
1134,0,7,7,7.035714285,8,8,7.58125,0,1,15,15,0,7.308482143,0,Graduate
2352,1,18,12,6.42857143,12,10,7.15,0,1,30,22,8,6.789285715,8,Graduate
803,0,5,5,6.8,5,5,6.1,0,1,10,10,0,6.45,0,Graduate
141,0,7,6,6.333333335,7,6,6.333333335,0,1,14,12,2,6.333333335,2,Graduate
1164,0,6,6,5.666666665,6,6,5.666666665,0,1,12,12,0,5.666666665,0,Graduate
3258,0,6,5,6.3,6,6,6.333333335,1,1,12,11,1,6.316666668,1,Graduate
2400,1,7,7,6.24642857,8,8,5.85625,0,1,15,15,0,6.051339285,0,Graduate
414,0,5,5,7.0,5,5,7.8,0,1,10,10,0,7.4,0,Graduate
621,0,6,6,6.916666665,6,6,6.25,0,1,12,12,0,6.583333333,0,Graduate
3237,0,5,5,6.9,5,5,6.3,0,1,10,10,0,6.6,0,Graduate
3085,0,6,5,6.1,6,6,5.75,0,1,12,11,1,5.925,1,Graduate
2171,0,8,7,6.857142855,8,7,6.857142855,0,1,16,14,2,6.857142855,2,Graduate
1126,0,5,5,6.6,5,4,6.5,0,1,10,9,1,6.55,1,Graduate
1760,0,7,7,6.55857143,8,7,6.3,0,1,15,14,1,6.429285715,1,Graduate
426,0,7,6,6.958333335,7,6,6.958333335,0,1,14,12,2,6.958333335,2,Graduate
201,0,5,4,6.875,5,4,7.166666665,0,1,10,8,2,7.020833333,2,Graduate
797,0,7,7,6.5,9,9,6.61111111,0,1,16,16,0,6.555555555,0,Graduate
3443,0,6,6,5.75,6,5,6.2,0,1,12,11,1,5.975,1,Graduate
1922,0,6,6,6.916666665,6,6,7.0,0,1,12,12,0,6.958333333,0,Graduate
1183,0,7,7,6.303125,8,6,5.95,0,1,15,13,2,6.1265625,2,Graduate
4197,0,8,7,6.757142855,8,7,6.757142855,0,1,16,14,2,6.757142855,2,Graduate
4257,0,8,7,6.20642857,8,7,6.20642857,0,1,16,14,2,6.20642857,2,Graduate
2912,0,8,8,6.638125,8,8,6.638125,0,1,16,16,0,6.638125,0,Graduate
2294,1,6,6,6.416666665,6,6,6.666666665,0,1,12,12,0,6.541666665,0,Graduate
236,0,6,5,6.3,6,6,6.5,0,1,12,11,1,6.4,1,Graduate
3664,0,7,6,6.291666665,8,7,6.335714285,0,1,15,13,2,6.313690475,2,Graduate
328,0,6,6,5.92857143,6,5,5.5,1,1,12,11,1,5.714285715,1,Graduate
561,1,12,11,6.045454545,12,11,6.0,0,1,24,22,2,6.022727273,2,Graduate
2979,0,6,6,7.25,6,5,6.0,0,1,12,11,1,6.625,1,Graduate
135,0,9,9,5.833333335,7,7,5.857142855,0,1,16,16,0,5.845238095,0,Graduate
1041,0,6,5,5.9,6,5,5.2,0,1,12,10,2,5.55,2,Graduate
750,0,7,7,6.735714285,8,8,6.97222222,0,1,15,15,0,6.853968253,0,Graduate
2667,1,6,6,6.916666665,6,6,6.5625,0,1,12,12,0,6.739583333,0,Graduate
4418,0,6,6,6.916666665,6,6,6.75,0,1,12,12,0,6.833333333,0,Graduate
2864,0,21,21,6.166666665,19,19,6.05263158,1,1,40,40,0,6.109649123,0,Graduate
1985,0,8,8,7.070625,8,8,7.070625,0,1,16,16,0,7.070625,0,Graduate
3813,0,11,9,5.833333335,11,9,6.27777778,0,1,22,18,4,6.055555558,4,Graduate
3132,0,8,7,6.392857145,8,7,6.392857145,0,1,16,14,2,6.392857145,2,Graduate
1155,0,8,7,6.629285715,8,7,6.629285715,0,1,16,14,2,6.629285715,2,Graduate
396,0,8,7,6.43,8,7,6.43,0,1,16,14,2,6.43,2,Graduate
916,0,6,6,6.5,6,6,6.833333335,0,1,12,12,0,6.666666667,0,Graduate
3421,0,8,8,6.62875,8,8,6.62875,0,1,16,16,0,6.62875,0,Graduate
2482,1,6,6,6.333333335,6,5,6.2,0,1,12,11,1,6.266666668,1,Graduate
2507,0,7,7,5.57777778,8,8,5.7125,0,1,15,15,0,5.64513889,0,Graduate
384,0,6,6,6.714285715,6,6,6.583333335,0,1,12,12,0,6.648809525,0,Graduate
4210,1,5,5,6.8,5,5,6.5,0,1,10,10,0,6.65,0,Graduate
2983,0,7,7,6.900714285,8,8,7.2875,0,1,15,15,0,7.094107143,0,Graduate
3456,0,6,6,6.857142855,6,6,6.583333335,0,1,12,12,0,6.720238095,0,Graduate
2175,0,11,11,6.0,11,11,6.375,0,1,22,22,0,6.1875,0,Graduate
3499,1,6,6,6.333333335,6,6,6.75,0,1,12,12,0,6.541666667,0,Graduate
3731,1,7,6,6.366666665,8,7,5.975,0,1,15,13,2,6.170833333,2,Graduate
2346,1,11,9,7.11111111,9,7,6.875,0,1,20,16,4,6.993055555,4,Graduate
1725,0,17,17,6.0,17,17,6.333333335,0,1,34,34,0,6.166666667,0,Graduate
4371,1,0,0,0.0,0,0,0.0,0,1,0,0,0,0.0,0,Graduate
374,0,5,5,6.0,5,5,6.42857143,0,1,10,10,0,6.214285715,0,Graduate
1030,0,8,7,6.657142855,8,7,6.657142855,0,1,16,14,2,6.657142855,2,Graduate
538,1,6,5,5.5,6,5,6.2,0,1,12,10,2,5.85,2,Graduate
560,1,8,8,6.25375,8,8,6.25375,0,1,16,16,0,6.25375,0,Graduate
895,0,18,18,5.916666665,13,13,6.23076923,0,1,31,31,0,6.073717948,0,Graduate
3229,0,7,7,5.98125,8,8,6.52222222,0,1,15,15,0,6.25173611,0,Graduate
1554,0,5,5,7.166666665,5,5,6.5,0,1,10,10,0,6.833333333,0,Graduate
2477,1,23,20,6.75,23,20,6.75,0,1,46,40,6,6.75,6,Graduate
397,0,11,11,5.863636365,11,11,6.0,0,1,22,22,0,5.931818183,0,Graduate
2884,0,6,6,6.166666665,6,6,5.75,0,1,12,12,0,5.958333333,0,Graduate
424,0,8,8,6.626875,8,8,6.626875,0,1,16,16,0,6.626875,0,Graduate
3059,0,8,7,6.314285715,8,7,6.314285715,0,1,16,14,2,6.314285715,2,Graduate
890,0,6,4,6.5,6,4,5.625,0,1,12,8,4,6.0625,4,Graduate
639,0,6,5,5.6,6,5,5.8,0,1,12,10,2,5.7,2,Graduate
2547,0,6,6,6.916666665,6,6,5.916666665,0,1,12,12,0,6.416666665,0,Graduate
1620,0,7,6,6.416666665,8,5,5.9,0,1,15,11,4,6.158333333,4,Graduate
1424,0,6,6,5.333333335,6,6,5.75,0,1,12,12,0,5.541666667,0,Graduate
589,0,6,6,5.833333335,6,3,6.0,0,1,12,9,3,5.916666667,3,Graduate
2814,0,6,3,5.5,6,4,5.625,1,1,12,7,5,5.5625,5,Graduate
4174,0,7,7,7.046666665,8,8,7.5,0,1,15,15,0,7.273333333,0,Graduate
23,0,8,7,6.42857143,8,7,6.42857143,0,1,16,14,2,6.42857143,2,Graduate
1304,1,11,10,6.05,8,8,6.666666665,1,1,19,18,1,6.358333333,1,Graduate
533,1,8,7,5.845,8,7,5.845,0,1,16,14,2,5.845,2,Graduate
2050,0,8,7,6.72142857,8,7,6.72142857,0,1,16,14,2,6.72142857,2,Graduate
3272,0,9,8,6.625,7,7,5.857142855,0,1,16,15,1,6.241071428,1,Graduate
3540,1,6,6,6.833333335,6,6,6.083333335,0,1,12,12,0,6.458333335,0,Graduate
3589,1,6,5,6.916666665,6,4,7.0,0,1,12,9,3,6.958333333,3,Graduate
4240,0,6,6,8.07142857,6,6,7.333333335,0,1,12,12,0,7.702380953,0,Graduate
1385,1,6,6,7.5,6,2,8.0,0,1,12,8,4,7.75,4,Graduate
1811,1,6,6,6.214285715,6,6,6.416666665,0,1,12,12,0,6.31547619,0,Graduate
1100,0,8,8,7.035625,8,8,7.035625,0,1,16,16,0,7.035625,0,Graduate
2388,1,0,0,0.0,0,0,0.0,1,0,0,0,0,0.0,0,Graduate
3227,0,6,6,6.642857145,6,6,6.4375,1,1,12,12,0,6.540178573,0,Graduate
2881,0,6,5,6.1,6,4,5.625,0,1,12,9,3,5.8625,3,Graduate
1935,0,7,6,6.404166665,8,7,6.412857145,0,1,15,13,2,6.408511905,2,Graduate
3736,1,7,6,6.6,7,6,6.6,0,1,14,12,2,6.6,2,Graduate
3963,0,7,6,6.691666665,7,6,6.691666665,0,1,14,12,2,6.691666665,2,Graduate
3677,0,11,9,5.444444445,10,4,5.625,1,0,21,13,8,5.534722223,8,Graduate
361,0,6,6,5.833333335,6,6,5.916666665,0,1,12,12,0,5.875,0,Graduate
2861,0,6,4,5.625,6,4,6.875,1,1,12,8,4,6.25,4,Graduate
1015,0,5,5,5.9,5,5,5.8,0,1,10,10,0,5.85,0,Graduate
3461,0,7,6,6.45,7,6,6.45,0,1,14,12,2,6.45,2,Graduate
1857,0,6,6,5.916666665,6,6,6.4375,1,0,12,12,0,6.177083333,0,Graduate
755,1,6,6,7.75,6,6,6.083333335,0,1,12,12,0,6.916666667,0,Graduate
4096,0,7,6,7.716666665,7,6,7.716666665,0,1,14,12,2,7.716666665,2,Graduate
579,0,6,6,5.75,6,6,5.833333335,0,1,12,12,0,5.791666667,0,Graduate
4059,0,6,6,7.76923077,6,6,6.3125,0,1,12,12,0,7.040865385,0,Graduate
207,0,8,7,6.457142855,8,7,6.457142855,0,1,16,14,2,6.457142855,2,Graduate
2529,0,6,6,7.583333335,6,6,7.142857145,0,1,12,12,0,7.36309524,0,Graduate
231,0,6,6,6.42857143,6,3,6.333333335,0,1,12,9,3,6.380952383,3,Graduate
794,0,6,6,6.0,6,5,6.8,0,1,12,11,1,6.4,1,Graduate
2236,1,0,0,0.0,0,0,0.0,0,1,0,0,0,0.0,0,Graduate
4253,0,5,5,6.0,5,5,5.8,0,1,10,10,0,5.9,0,Graduate
4377,0,7,7,6.10857143,8,7,6.059375,0,1,15,14,1,6.083973215,1,Graduate
4176,0,8,7,6.035714285,8,7,6.035714285,0,1,16,14,2,6.035714285,2,Graduate
3026,0,8,7,7.0,8,7,7.0,0,1,16,14,2,7.0,2,Graduate
224,0,7,5,6.925,8,7,6.09642857,0,1,15,12,3,6.510714285,3,Graduate
152,0,5,5,6.2,5,5,6.7,0,1,10,10,0,6.45,0,Graduate
4023,0,5,5,6.3,5,5,5.625,0,1,10,10,0,5.9625,0,Graduate
780,0,6,6,6.25,6,6,6.916666665,0,1,12,12,0,6.583333333,0,Graduate
2272,1,6,6,6.666666665,6,5,6.4,0,1,12,11,1,6.533333333,1,Graduate
3982,0,6,6,7.833333335,6,6,7.416666665,0,1,12,12,0,7.625,0,Graduate
1912,0,8,8,6.241875,8,8,6.241875,0,1,16,16,0,6.241875,0,Graduate
991,0,7,7,7.364285715,8,8,8.163636365,0,1,15,15,0,7.76396104,0,Graduate
3236,0,7,7,6.9025,8,8,7.13625,0,1,15,15,0,7.019375,0,Graduate
3428,0,6,6,5.833333335,6,6,5.666666665,0,1,12,12,0,5.75,0,Graduate
3808,0,6,6,6.916666665,6,6,6.416666665,0,1,12,12,0,6.666666665,0,Graduate
3872,1,5,5,6.1875,5,5,5.833333335,0,1,10,10,0,6.010416667,0,Graduate
3901,0,7,6,6.95,7,6,6.95,0,1,14,12,2,6.95,2,Graduate
3679,0,6,6,7.583333335,6,6,8.0,0,1,12,12,0,7.791666667,0,Graduate
3468,0,8,7,5.57142857,8,8,5.6875,0,1,16,15,1,5.629464285,1,Graduate
1492,1,6,6,5.75,6,6,5.5,0,1,12,12,0,5.625,0,Graduate
774,0,6,6,6.166666665,6,6,6.083333335,0,1,12,12,0,6.125,0,Graduate
1235,0,8,7,6.962857145,8,7,6.962857145,0,1,16,14,2,6.962857145,2,Graduate
3137,0,5,4,6.375,5,4,5.875,0,1,10,8,2,6.125,2,Graduate
2102,0,6,4,5.4,6,4,6.0,1,1,12,8,4,5.7,4,Graduate
2063,0,8,7,6.664285715,8,7,6.664285715,0,1,16,14,2,6.664285715,2,Graduate
318,0,7,7,6.847142855,8,8,7.17777778,0,1,15,15,0,7.012460318,0,Graduate
3653,0,7,7,6.65,8,8,7.5625,0,1,15,15,0,7.10625,0,Graduate
2903,0,7,7,5.5,8,8,6.5625,0,1,15,15,0,6.03125,0,Graduate
1407,0,8,7,6.17142857,8,7,6.17142857,0,1,16,14,2,6.17142857,2,Graduate
1071,0,8,8,7.375,8,8,7.375,0,1,16,16,0,7.375,0,Graduate
1431,0,8,7,6.454285715,8,7,6.454285715,0,1,16,14,2,6.454285715,2,Graduate
2099,0,8,8,6.890625,8,8,6.890625,0,1,16,16,0,6.890625,0,Graduate
2231,1,0,0,0.0,0,0,0.0,0,1,0,0,0,0.0,0,Graduate
1949,0,6,6,6.666666665,6,6,6.666666665,0,1,12,12,0,6.666666665,0,Graduate
753,0,8,8,6.5525,8,8,6.5525,0,1,16,16,0,6.5525,0,Graduate
2082,0,7,6,7.075,7,6,7.075,0,1,14,12,2,7.075,2,Graduate
2061,0,7,7,6.685714285,8,8,6.833333335,0,1,15,15,0,6.75952381,0,Graduate
3918,0,6,6,6.666666665,6,6,6.166666665,0,1,12,12,0,6.416666665,0,Graduate
2484,1,12,10,6.35,12,11,6.09090909,0,1,24,21,3,6.220454545,3,Graduate
815,0,7,7,7.857142855,7,7,7.5,0,1,14,14,0,7.678571428,0,Graduate
3472,0,6,6,6.666666665,6,6,6.75,1,0,12,12,0,6.708333333,0,Graduate
1352,0,8,7,7.82857143,8,7,7.82857143,0,1,16,14,2,7.82857143,2,Graduate
1670,0,6,4,6.375,6,5,6.5,1,1,12,9,3,6.4375,3,Graduate
2596,0,6,6,6.333333335,6,6,6.083333335,0,1,12,12,0,6.208333335,0,Graduate
132,0,6,6,6.166666665,6,6,6.5,0,1,12,12,0,6.333333333,0,Graduate
4047,0,6,6,6.42857143,6,4,6.5,0,1,12,10,2,6.464285715,2,Graduate
1930,0,7,7,7.434285715,8,8,7.555555555,0,1,15,15,0,7.494920635,0,Graduate
3082,1,7,7,6.657142855,8,8,6.2875,1,1,15,15,0,6.472321428,0,Graduate
1737,1,8,8,6.526875,8,8,6.526875,0,1,16,16,0,6.526875,0,Graduate
2017,0,6,5,6.3,6,5,6.1,0,1,12,10,2,6.2,2,Graduate
4356,0,5,5,8.083333335,5,5,7.142857145,0,1,10,10,0,7.61309524,0,Graduate
3482,1,0,0,0.0,0,0,0.0,0,1,0,0,0,0.0,0,Graduate
2639,1,5,5,6.7,5,5,6.1,0,1,10,10,0,6.4,0,Graduate
3972,0,7,6,5.925,8,7,6.825,0,1,15,13,2,6.375,2,Graduate
2096,0,17,14,6.28125,12,12,6.42857143,0,1,29,26,3,6.354910715,3,Graduate
1924,0,5,5,6.6,5,4,6.25,0,1,10,9,1,6.425,1,Graduate
879,1,5,3,6.166666665,5,5,5.8,0,1,10,8,2,5.983333333,2,Graduate
4004,1,7,6,6.758333335,7,6,6.758333335,0,1,14,12,2,6.758333335,2,Graduate
2984,0,6,6,7.214285715,6,6,6.833333335,1,0,12,12,0,7.023809525,0,Graduate
366,0,6,6,8.076923075,6,6,7.875,0,1,12,12,0,7.975961538,0,Graduate
999,0,6,6,6.333333335,6,5,6.7,0,1,12,11,1,6.516666668,1,Graduate
1190,0,6,6,7.0,6,6,6.57142857,0,1,12,12,0,6.785714285,0,Graduate
4225,0,7,6,6.5,8,8,6.963636365,0,1,15,14,1,6.731818183,1,Graduate
1022,0,7,6,5.666666665,5,5,5.6,0,1,12,11,1,5.633333332,1,Graduate
3962,0,26,26,7.53888889,17,17,7.511764705,0,1,43,43,0,7.525326798,0,Graduate
3490,1,6,5,5.5,6,5,6.083333335,0,1,12,10,2,5.791666667,2,Graduate
1615,0,6,6,5.916666665,6,6,5.75,0,1,12,12,0,5.833333333,0,Graduate
3153,0,6,6,7.833333335,6,6,6.916666665,1,1,12,12,0,7.375,0,Graduate
43,0,7,5,6.964,8,7,7.17142857,0,1,15,12,3,7.067714285,3,Graduate
3752,0,12,10,7.35,12,12,7.291666665,0,1,24,22,2,7.320833332,2,Graduate
787,0,6,6,6.833333335,6,5,7.0,0,1,12,11,1,6.916666667,1,Graduate
1081,0,6,6,6.583333335,6,6,6.333333335,0,1,12,12,0,6.458333335,0,Graduate
1252,0,6,6,5.916666665,6,6,6.42857143,0,1,12,12,0,6.172619048,0,Graduate
349,0,6,6,6.5,6,6,6.916666665,0,1,12,12,0,6.708333333,0,Graduate
102,0,0,0,0.0,0,0,0.0,0,1,0,0,0,0.0,0,Graduate
311,0,6,6,7.416666665,6,6,7.57142857,1,1,12,12,0,7.494047618,0,Graduate
3093,0,6,6,7.083333335,6,6,6.25,0,1,12,12,0,6.666666667,0,Graduate
1166,0,11,11,6.863636365,8,8,7.375,0,1,19,19,0,7.119318183,0,Graduate
3327,1,10,9,6.166666665,10,8,6.0,0,1,20,17,3,6.083333333,3,Graduate
564,1,6,6,6.75,6,5,6.6,0,1,12,11,1,6.675,1,Graduate
2567,0,7,7,6.732142855,8,8,7.394444445,0,1,15,15,0,7.06329365,0,Graduate
3689,1,6,5,6.3,6,4,5.625,0,1,12,9,3,5.9625,3,Graduate
3886,0,6,6,5.416666665,6,6,6.0,1,1,12,12,0,5.708333333,0,Graduate
125,0,6,6,7.083333335,6,6,6.1,0,1,12,12,0,6.591666668,0,Graduate
144,0,6,6,5.666666665,6,6,5.75,0,1,12,12,0,5.708333333,0,Graduate
1560,1,8,8,6.624375,8,8,6.624375,0,1,16,16,0,6.624375,0,Graduate
3964,0,12,12,6.625,11,10,6.545454545,1,1,23,22,1,6.585227273,1,Graduate
1466,1,11,11,6.227272725,11,8,6.375,0,1,22,19,3,6.301136362,3,Graduate
2368,1,6,6,7.0,6,6,6.833333335,0,1,12,12,0,6.916666667,0,Graduate
2672,1,5,5,6.9,5,5,6.833333335,0,1,10,10,0,6.866666668,0,Graduate
1701,1,8,8,7.816875,8,8,7.816875,0,1,16,16,0,7.816875,0,Graduate
1663,0,7,7,7.5725,8,8,7.87125,0,1,15,15,0,7.721875,0,Graduate
